0.024523036675622525
0.0005659610230193208
0.001380190817532599
0.0013331547105715745
0.0013162997957877364
0.0012986412220610342
0.0012812517015077227
0.0012640906581430674
0.001247156202067984
0.001230445151736
0.0012139544186944781
0.0011976809577867325
0.0011816217697050635
0.0011657738994574637
0.0011501344356624236
0.0011347005100757889
0.0011194692968826137
0.001104438010732147
0.0010896039091087516
0.0010749642888255686
0.0010605164857063285
0.0010462578759726907
0.0010321858733736962
0.0010182979303712803
0.001004591535053078
0.0009910642141174033
0.0009777135288996442
0.0009645370768884068
0.000951532490057627
0.0009386974355026156
0.0009260296130952432
0.000913526757772907
0.0009011866355834624
0.0008890070454947821
0.0008769858180455452
0.0008651208160481643
0.0008534099318249475
0.0008418510888209208
0.0008304422398724279
0.0008191813680405133
0.0008080664843574855
0.0007970956287350295
0.0007862668696902278
0.0007755783020587433
0.0007650280499056634
0.0007546142617589754
0.0007443351139711365
0.0007341888089524753
0.0007241735740550258
0.0007142876622669882
0.000704529350329981
0.0006948969415376629
0.0006853887605590081
0.0006760031583894062
0.0006667385071227658
0.0006575932036276244
0.0006485656652142115
0.0006396543343765586
0.0006308576727477742
0.0006221741656820863
0.0006136023180824341
0.000605140657296221
0.0005967877305814196
0.0005885421054672182
0.0005804023696706246
0.0005723671305257475
0.0005644350148633994
0.0005566046691898568
0.0005488747583759996
0.0005412439643518313
0.0005337109914703034
0.0005262745572670297
0.0005189334003117227
0.0005116862752053665
0.0005045319547628968
0.0004974692271725676
0.0004904968989424549
0.00048361379297442265
0.0004768187473232427
0.0004701106168438437
0.00046348827131479183
0.0004569505974548486
0.0004504964958669273
0.00044412488314261677
0.0004378346910382433
0.00043162486396385995
0.0004254943629692534
0.0004194421615423304
0.0004134672495621157
0.00040756862827197456
0.0004017453130338625
0.00039599633374148266
0.00039032073235975546
0.0003847175642231921
0.00037918589763222314
0.00037372481394586056
-0.006584773553365198
-0.08689429845994952
-0.1187932519272638
-0.1357759130341924
-0.15112031732785391
-0.1646020192563103
-0.17645501759263238
-0.18500152788244337
-0.1894224108549127
-0.19361534421212387
-0.1974713187048608
-0.2010188904778728
-0.20428003495133543
-0.20727529931586341
-0.21002374051049402
-0.21254303767079955
-0.21484959109048182
-0.21695861460338922
-0.21888422150656503
-0.2206395043987762
-0.22223660930446232
-0.22368680444911881
-0.22500054404235237
-0.2262384791759163
-0.22610471673817167
-0.22585065355385764
-0.22559533936372927
-0.22533863110634486
-0.2250804219023789
-0.22482061037706697
-0.2245591014317937
-0.22429580591099363
-0.2240306403220824
-0.22376352656654963
-0.22349439168320553
-0.22322316760301683
-0.22294979091505251
-0.22267420264308696
-0.2223963480323984
-0.22211617634635553
-0.22183364067236389
-0.22154869773675412
-0.22126130772828534
-0.22097143412982115
-0.22067904355788442
-0.22038410560970476
-0.2200865927174651
-0.21978648000939122
-0.21948374517741423
-0.21917836835110882
-0.2188703319775988
-0.2185596207072051
-0.21780984059800948
-0.21677924954598382
-0.2157982212059152
-0.21485237604435886
-0.21394040502858208
-0.2130605856444023
-0.21221128813629084
-0.211390953411843
-0.2105980910345229
-0.20983127653789235
-0.20908914884904642
-0.2083704077906487
-0.20767381166182058
-0.2069981748968738
-0.2063423658007909
-0.20570530436018777
-0.20508596012846567
-0.20448335018372576
-0.20389653715797698
-0.20332462733607742
-0.20276676882284936
-0.20222214977673347
-0.20168999670830512
-0.20116957284199893
-0.20066017653935841
-0.2001611397820721
-0.1996718267131324
-0.19919163223439415
-0.19871998065885546
-0.19825632441598182
-0.19780014280839073
-0.1973509408182878
-0.19675412599873549
-0.1957744312342427
-0.19484447705830757
-0.1939452584398281
-0.19307603505810145
-0.19223538909164611
-0.19142198833967233
-0.1906345533092237
-0.18987185658092842
-0.18913272091513295
-0.18841601745952796
-0.18772066400298434
-0.18704562327775923
-0.1863899013098111
-0.185752545816881
-0.18513264465393653
-0.1845293243055015
-0.18394174842423486
-0.18336911641520343
-0.18281066206502794
-0.18226565221525565
-0.1817333854790629
-0.18121319100048847
-0.18070442725532823
-0.18020648089276042
-0.17971876561678987
-0.17924072110658165
-0.17877181197470632
-0.17831152676235465
-0.17785937697054377
-0.17741489612634442
-0.17697763888317167
-0.1765471801541464
-0.176123114277605
-0.17540284687424149
-0.17458639410453058
-0.17380048464737388
-0.17303851295655975
-0.1722996464096176
-0.17158284701240809
-0.1708871272895175
-0.17021153783557216
-0.16955516647502866
-0.1689171369560094
-0.16829660769981478
-0.16769277058348003
-0.16710484975616802
-0.1665321004890446
-0.1659738080583833
-0.1654292866614748
-0.16489787836495623
-0.16437895208507128
-0.1638719025993563
-0.16337614958925092
-0.16289113671302738
-0.16241633070846026
-0.1619512205246695
-0.16149531648245047
-0.16104814946251444
-0.1606092701209332
-0.16017824813119247
-0.15975467145213712
-0.1593381456212155
-0.15892829307226622
-0.15852475247727835
-0.15812717811141278
-0.15773523924062752
-0.15734861953128165
-0.1569670164810822
-0.15630374587792958
-0.15562023686985954
-0.15495794135144433
-0.1543141084683638
-0.15368802775312587
-0.1530789275701335
-0.15248606965454437
-0.15190874376863642
-0.15134626693681755
-0.1507979824992121
-0.15026325920080946
-0.14974149030598274
-0.14923209273856247
-0.14873450624708254
-0.148248192594847
-0.14777263477441036
-0.1473073362460893
-0.14685182020003143
-0.1464056288414083
-0.14596832269826207
-0.14553947995152128
-0.14511869578671854
-0.14470558176685858
-0.14429976522601612
-0.1439008886830882
-0.143508609275231
-0.14312259821045298
-0.14274254023889135
-0.14236813314222468
-0.1419990872407545
-0.14163512491763375
-0.14127598015978382
-0.1409213981149736
-0.14057113466461998
-0.14022495601181062
-0.13988263828408593
-0.1394689208520216
-0.13887776236627228
-0.13831090385517822
-0.13775808884723184
-0.13721916911040563
-0.13669353880175472
-0.13618063685933707
-0.13567992226750647
-0.1351908744794534
-0.13471299266049805
-0.13424579500922015
-0.13378881809594778
-0.13334161622118712
-0.13290376079349314
-0.13247483972640772
-0.1320544568540984
-0.13164223136529835
-0.1312377972551699
-0.1308408027946697
-0.1304509100170094
-0.13006779422081968
-0.1296911434895917
-0.12932065822699199
-0.12895605070762262
-0.12859704464285104
-0.12824337476127107
-0.1278947864034058
-0.12755103513025762
-0.12721188634527686
-0.12687711492943712
-0.1265465048889287
-0.12621984901518227
-0.12589694855680766
-0.1255776129030676
-0.12526165927859634
-0.12494891244892518
-0.12463920443654462
-0.12433237424711016
-0.1240282676055309
-0.12364935707489486
-0.12315622752065802
-0.12268052017878893
-0.12221525391653112
-0.12176031191622393
-0.12131525509488214
-0.12087967679066887
-0.12045318465056852
-0.1200354009803897
-0.11962596219716962
-0.11922451834226579
-0.11883073260738458
-0.11844428087551773
-0.11806485127634772
-0.11769214375579845
-0.11732586965936634
-0.11696575132890494
-0.11661152171253009
-0.11626292398728062
-0.11591971119422048
-0.11558164588563716
-0.11524849978400702
-0.11492005345238131
-0.11459609597590614
-0.11427642465411834
-0.1139608447037165
-0.11364916897150654
-0.11334121765721115
-0.11303681804583501
-0.11273580424929378
-0.11243801695706224
-0.1121433031954658
-0.11185151609546849
-0.11156251466856532
-0.11127616359061142
-0.11099233299327854
-0.1107108982629029
-0.11043173984649818
-0.11015474306467787
-0.10987979793126439
-0.10960679897936122
-0.10933564509366846
-0.10902785111642906
-0.10861381319506225
-0.10821370232004841
-0.10782108605824477
-0.10743596644848168
-0.10705803076469587
-0.10668699366588866
-0.10632257943191768
-0.10596452248811676
-0.10561256701272806
-0.10526646660250126
-0.1049259839467331
-0.10459089051186114
-0.10426096623628049
-0.10393599923511054
-0.10361578551459379
-0.10330012869590462
-0.10298883974809313
-0.10268173672988508
-0.10237864454008908
-0.10207939467638782
-0.10178382500220609
-0.10149177952147535
-0.10120310816101293
-0.100917666560302
-0.10063531586845707
-0.10035592254809435
-0.1000793581859795
-0.09980549931017138
-0.09953422721345967
-0.09926542778293812
-0.0989989913354556
-0.0987348124588409
-0.09847278985857098
-0.0982128262098917
-0.09795482801502872
-0.09769870546544626
-0.09744437230893634
-0.09719174572136102
-0.09694074618294347
-0.09669129735887508
-0.09644332598420104
-0.09619676175272507
-0.09595153720987827
-0.09570758764936813
-0.09546485101350562
-0.0952232677970758
-0.09492224415188227
-0.09458188667019672
-0.09424934434867675
-0.09392197340708688
-0.0935996994050632
-0.09328232320201615
-0.092969659320085
-0.0926615285783233
-0.09235775823409755
-0.0920581817458068
-0.09176263856251608
-0.09147097391947956
-0.0911830386403572
-0.09089868894594651
-0.09061778626920113
-0.09034019707631948
-0.09006579269382406
-0.08979444914130487
-0.08952604696979141
-0.08926047110549161
-0.08899761069876527
-0.08873735897816333
-0.08847961310937498
-0.08822427405892509
-0.08797124646248114
-0.08772043849760157
-0.08747176176080665
-0.08722513114881392
-0.08786819192895443
-0.08755275786919559
-0.08728936119578597
-0.08702594380474804
-0.08763157546442482
-0.08730245455235142
-0.0870244682432363
-0.08759814654369466
-0.08725448319164114
-0.08780352274579052
-0.08744332372788426
-0.08713372339942696
-0.08765140677672789
-0.08728055315409837
-0.08695946827017084
-0.08744943040659411
-0.08706933980704544
-0.08753747522683923
-0.08714466289171825
-0.08758960168437875
-0.08718533530564636
-0.08760792776958183
-0.08713237168403488
-0.08743959852888414
-0.08695836804523328
-0.08725128754338482
-0.08748984636894142
-0.08699852733938944
-0.08726260076970381
-0.08747413646848896
-0.08697271507224667
-0.08720966119934756
-0.08739575904040245
-0.0868860451757684
-0.08709737738587395
-0.08725952135826671
-0.08741081912688257
-0.08688698108917786
-0.08706165366442023
-0.08718939721253068
-0.08730710912641991
-0.08677263510395913
-0.08691355769888673
-0.08700975268818195
-0.08709666549182042
-0.08717285872442875
-0.08723868491580704
-0.08729440277580257
-0.08673767292079661
-0.08681655765765654
-0.0868546122414355
-0.08688476549577644
-0.08690568164292646
-0.0869176708359603
-0.0869209582005227
-0.08691576728466774
-0.08690231619608814
-0.08688081792926285
-0.08685148048758541
-0.08681450701118999
-0.08677009590072794
-0.08671844093750843
-0.08665973140019889
-0.0865941521781823
-0.086521883881658
-0.08644310294860608
-0.08635798174871509
-0.08626668868434384
-0.08616938828870052
-0.08606624132117058
-0.08595740486006319
-0.08584303239270821
-0.08569745355156924
-0.08552186732530126
-0.08534438337732973
-0.08516378760436588
-0.08498022475288687
-0.08479377472691113
-0.08460451858926743
-0.08441253555092444
-0.08421790315112873
-0.08402069728910233
-0.08382099226152767
-0.0836188607987027
-0.08341437409976812
-0.0832076018670083
-0.08299861233923987
-0.06295005516687052
-0.04678278061064004
-0.032635082124224876
-0.0187360835462032
-0.0051638078797251585
0.00808756004415778
0.021020060394248367
0.03363593171683397
0.04520707225293721
0.054394691192807924
0.06346507674939232
0.07231947487563682
0.08096478481944633
0.08940315923700601
0.09455345005631678
0.09949096337967867
0.10409681501708973
0.10839875643116391
0.11241614706865588
0.11616727895781438
0.11936693957066297
0.12165650560770264
0.1238463724961931
0.12590668038609984
0.12784594688535936
0.1296705106251137
0.13138643074241368
0.1329994222943819
0.13451488093528768
0.13593790200059894
0.1372732984988359
0.13852561790379886
0.13969915784483358
0.140797980775809
0.14182592769732885
0.1427866310006345
0.14368352649619667
0.1445198646849664
0.14529872132560312
0.14602300734691134
0.14669547815074604
0.1473187423472616
0.1478952699610306
0.1484274001437344
0.14843448955686359
0.14841467114668638
0.14838725468336553
0.14835163742470198
0.14830814270297696
0.14825703718199418
0.14819857788551874
0.14813301053445016
0.14806057016302424
0.14798148160290944
0.1478959599505351
0.14780421101321697
0.14770643173526196
0.1476028106049499
0.14749352804321464
0.14737875677486745
0.14725866218311548
0.14713340264812144
0.1470031298703455
0.14686798917925822
0.14672811982819495
0.14658365527584732
0.14643472345507438
0.14628144702952683
0.14612394363869166
0.14596232613178373
0.14579670279108492
0.14562717754509868
0.1454538501720302
0.1452768164940096
0.1450961685624658
0.1446912078102204
0.14416741384240714
0.14366469461329393
0.14317544476773475
0.14269933255480227
0.1422356985638177
0.14178392828677164
0.14134343264627983
0.14091364786507724
0.14049403442004535
0.1400840760786857
0.13968327896775765
0.1392911706756506
0.1389072993873816
0.13853123305137083
0.1381625585770456
0.13780088106232335
0.13744582305016698
0.13709702381318142
0.13675413866549782
0.13641683830100237
0.1360848081570489
0.135757747802847
0.13543537035168404
0.13511740189618773
0.13480358096578465
0.13449365800565957
0.13418739487641143
0.13388456437366855
0.13358494976697227
0.13328834435722506
0.13299455105199287
0.13270338195806333
0.13241465799054516
0.1321282084979681
0.13170522739514123
0.13116524317433007
0.13064677273874456
0.13014203404246213
0.12965074968866203
0.12917228594013033
0.12870605384144282
0.12825148767068584
0.12780804507223784
0.12737520611054948
0.12695247241118515
0.1265393663285062
0.12613543014234382
0.1257402252827984
0.12535333158239248
0.12497434655485405
0.12460288469982589
0.12423857683269682
0.12388106943886328
0.12353002405172474
0.12318511665359541
0.12284603709894032
0.12251248855914781
0.12218418698819124
0.12186086060850262
0.12154224941635879
0.12122810470619273
0.12091818861313619
0.12061227367318418
0.12031014240039699
0.12001158688053717
0.1197164083805409
0.11942441697329335
0.11913543117714452
0.11884927760961814
0.1185657906548482
0.11828481214418704
0.11800619104951153
0.11760186551548418
0.11713393350265594
0.11668148256305745
0.11623980761405363
0.1158086480908973
0.11538752895133
0.11497600605821857
0.1145736524724126
0.1141800584690648
0.11379483085209953
0.11341759232938368
0.11304798090769254
0.11268564930893844
0.11233026440699832
0.11198150668458001
0.1116390697094381
0.11130265962953223
0.11097199468638859
0.11064680474620237
0.11032683084811427
0.11001182476907781
0.1097015486048494
0.10939577436648974
0.10909428359195425
0.10879686697221581
0.1085033239914553
0.1082134625808039
0.10792709878524456
0.10764405644314075
0.1073641668779955
0.1070872686020029
0.10681320703095695
0.10654183421016684
0.10627300855087689
0.10600659457693656
0.10574246268126711
0.10548048889176566
0.10522055464637105
0.10496254657685859
0.10470635630109316
0.10445188022343478
0.10413790894543484
0.10373943843408207
0.10335440965545803
0.10297716483551027
0.10260765017330878
0.1022455234037577
0.10189047132820446
0.10154219216881433
0.10120039603900027
0.10086480445209495
0.10053514989821549
0.10021117543329165
0.09989263428277877
0.09957928945941616
0.09927091339466482
0.09896728758334528
0.09866820224112016
0.09837345597431242
0.09808285546177055
0.09779621514828898
0.0975133569492992
0.09723410996633768
0.09695831021305329
0.09668580035129473
0.09641642943698812
0.09615005267547118
0.09588653118591159
0.09562573177453274
0.09536752671633192
0.09511179354496933
0.09485841485056766
0.09460727808511486
0.09435827537520704
0.09411130334187467
0.09386626292720872
0.09362305922758112
0.09338160133318328
0.09314180217366065
0.09290357836963126
0.09266685008984855
0.09243154091382477
0.0921975776996906
0.09196489045709712
0.09173341222500467
0.09150307895412539
0.09127382939386305
0.09098186262386035
0.09065221710412552
0.09033065283884008
0.0900144373910653
0.08970348754385221
0.08939758463108953
0.08909652583424293
0.08880011563638054
0.08850816599019895
0.08822049602203424
0.08793693177112799
0.08765730593680907
0.08738145763464747
0.0871092321612685
0.08787910371813915
0.08752323261900205
0.08723304434414357
0.08796575962147503
0.08759187478705106
0.08728308992716644
0.08697570187800997
0.08767009864787469
0.08728563702992059
0.08696495152920579
0.0876254237350149
0.08722733775629607
0.08786119593625373
0.08744545678455176
0.08709265955510088
0.08769279430040604
0.08726771799607631
0.08690442733656877
0.0874751744343203
0.08704217438613676
0.08758930702067093
0.08714282402713587
0.08766445298439758
0.08720596490475112
0.08770304491054778
0.08723378249776459
0.08770722851670666
0.08722833659089166
0.08767901884282009
0.08719156270706932
0.08762030959558183
0.08712528056658993
0.0875220871774575
0.08695245859105707
0.08724450680945618
0.08747517535008123
0.08690429104984232
0.08716746811962331
0.08737166312062351
0.08679414284968436
0.08703044452480956
0.08720972559830084
0.08737739354542136
0.0867870319376354
0.08698430704290669
0.08712723234881958
0.08725943840169571
0.0873790447688858
0.08677335435511185
0.08692238219749686
0.08702038447924125
0.08710877309117812
0.08718576502581514
0.08725176674673109
0.08730706552230312
0.08668275112640214
0.08676694108245411
0.08680466449690737
0.0868342588884871
0.08685407612885412
0.08686447229372646
0.08686569600488782
0.0868579946219851
0.08684160910348179
0.08681677443971283
0.08678371980190346
0.08674266870009238
0.08669383913552219
0.08663744374848009
0.08657368996156566
0.08650278011866966
0.08642491161973315
0.08634027705146392
0.0862490643141252
0.08615145674455617
0.08604763323553544
0.08593776835157803
0.0858220324413464
0.08570059174676688
0.08557360850889908
0.08544124107075982
0.08529086282671909
0.08509543472719341
0.0848991655134303
0.0847000184494009
0.08449817835129117
0.08429372146552581
0.0840867273500243
0.08387727355872984
0.08366543593976604
0.08345128866386735
0.08323490426448565
0.0830163536762314
0.0827957062722535
0.08257302990061327
0.08234839091966813
0.08212185423248919
0.08189348332034163
0.08166334027528536
0.08143148583191337
0.08119797939819005
0.08096287908554932
0.08072624173813199
0.080488122961308
0.08024857714942046
0.0800076575128132
0.07976541610418694
0.0795219038442327
0.07927717054664814
0.07903126494249532
0.0787842347039421
0.07853612646740571
0.07828698585611633
0.07803685750211871
0.07778578506771726
0.07753381126638821
0.0772809778831951
0.0770273257946752
0.07677289498826609
0.0765177245812281
0.07626185283915236
0.0760053171939666
0.07574815426156954
0.07549039985899293
0.07523208902118761
0.0749732560173746
0.07471393436709219
0.0744541568557386
0.07419395554987755
0.07393336181212261
0.0736724063156576
0.07341111905850459
0.07314952937735379
0.07288766596118369
0.07262555686450237
0.07236322952030576
0.07210071075275036
0.07183802678955466
0.07157520327406883
0.07131226527715745
0.07104923730873848
0.07078614332910758
0.07052300676003964
0.07025985049557047
0.06999669691261862
0.06973356788132325
0.06947048477519882
0.06920746848104768
0.068944539408644
0.06868171750025573
0.06840781335790645
0.06812365054730408
0.06784094625765281
0.06755918990493938
0.06727840032056089
0.06699857353703291
0.06671970665523884
0.06644179681024143
0.06616484121226103
0.06588883714131472
0.06561378194407243
0.06533967303069099
0.06506650787177509
0.06479428399542712
0.06452299898445141
0.06425265047360079
0.0639832361469599
0.06371475373541052
0.06344720101418597
0.06318057580052683
0.0629148759514099
0.06265009936136573
0.06238624396036861
0.06212330771184113
0.061861288610669696
0.06160018468136544
0.061339993976234145
0.06108071457367261
0.060822344576462316
0.060564882110198545
0.06030832532175638
0.06005267237778035
0.05979792146328073
0.05954407078026738
0.05929111854646206
0.05903906299399794
0.05878790236824617
0.05853763492666559
0.05828825893767089
0.05803977267958916
0.057792174439646224
0.05754546251298408
0.057299635201726165
0.057054690814111755
0.05681062766362554
0.056567444068191315
0.05632513834940041
0.05608370883174845
0.05584315384198841
0.05560347170837388
0.055364660760094574
0.055126719326621804
0.054889645737169965
0.05465343832007851
0.05441809540235514
0.05418361530915766
0.05394999636332203
0.053717236884902896
0.053485335190785424
0.053254289594262164
0.05302409840468094
0.052794759927052404
0.05256627246178727
0.05233863430430853
0.05211184374480753
0.051885899067951664
0.05166079855265833
0.05143654047180547
0.05121312309206563
0.05099054467367125
0.050768803470220815
0.05054789772852929
0.05032782568845589
0.050108585582759546
0.04989017563696281
0.049672594069255956
0.04945583909034812
0.04923990890342179
0.04902480170400134
0.048810515679935426
0.04859704901127055
0.048384399870281015
0.04817256642134197
0.04796154682095089
0.04775133921768833
0.04754194175222791
0.04733335255726827
0.0471255697576083
0.04691859147010973
0.046712415803724275
0.046507040859530044
0.04630246473071263
0.046098685502694046
0.04589570125307758
0.04569351005176019
0.04549210996094429
0.04529149903523431
0.045091675321660835
0.04489263685978572
0.044694381681741634
0.04449690781235115
0.0443002132691449
0.044104296062522336
0.043909154195773695
0.04371478566519753
0.043521188460217436
0.04332836056344892
0.04313629995080773
0.04294500459163228
0.042754472448753154
0.04256470147865398
0.04237568963151429
0.042187434851385916
0.04199993507628227
0.041813188238284095
0.04162719226368332
0.04144194507306171
0.0412574445814773
0.04107368869850212
0.04089067532844624
0.04070840237038085
0.04052686771833243
0.040346069261399754
0.04016167639547592
0.03997733961849084
0.039793939473966096
0.03961143623061899
0.03942982497398389
0.03924909956020522
0.03906925397364529
0.03889028227394914
0.038712178596607534
0.038534937151281944
0.03835855222038479
0.038183018157671264
0.03800832938683532
0.037834480400119906
0.03766146575705192
0.037489280083049296
0.03731791806824211
0.03714737446618384
0.03697764409264822
0.03680872182442503
0.036640602598172985
0.0364732814093113
0.0363067533108571
0.03614101341239511
0.035976056878962596
0.03581187893006132
0.03564847483863955
0.03548583993007201
0.035323969581210576
0.03516285921942365
0.035002504321725865
0.03484290041374681
0.03468404306901764
0.0345259279079593
0.03436855059709322
0.03421190684822255
0.034055992417606526
0.03390080310518709
0.03374633475376815
0.033592583248314975
0.03343954451514915
0.03328721452130284
0.03313558927374349
0.03298466481869382
0.032834437240986614
0.032684902663364254
0.03253605724582377
0.032387897185009645
0.032240418713587266
0.032093618099621156
0.03194749164596887
0.0318020356897231
0.0316572466016616
0.03151312078560363
0.03136965467795681
0.03122684474713397
0.03108468749303952
0.030943179446563617
0.03080231716907015
0.03066209725193304
0.030522516315991812
0.030383571011172686
0.030245258015954055
0.030107574036937226
0.029970515808429816
0.02983408009198665
0.0296982636760043
0.029563063375273677
0.029428476030621615
0.029294498508477866
0.02916112770052905
0.0290283605232485
0.028896193917663234
0.02876462484885647
0.028633650305670486
0.028503267300355503
0.0283734728682297
0.028244264067346914
0.028115637978093605
0.027987591702998672
0.027860122366316784
0.02773322711374254
0.027606903112131154
0.02748114754917355
0.027355957633109898
0.027231330592466636
0.027107263675748408
0.026983754151182298
0.026860799306458467
0.026738396448417377
0.0266165429028573
0.026495236014227274
0.026374473145441998
0.026254251677556267
0.026134569009617564
0.02601542255831852
0.025896809757910356
0.025778728059860388
0.025661174932673843
0.02554414786172031
0.025427644348920992
0.025311661912652158
0.02519619808748408
0.02508125042396725
0.024966816488463106
0.024852893862967195
0.024739480144888793
0.024626572946875862
0.024514169896628083
0.024402268636761416
0.024290866824552244
0.024179962131846672
0.0240695522448452
0.023959634863953486
0.023850207703645595
0.012137554937745482
-0.03927055328963694
-0.06463186851932623
-0.09041486401371997
-0.11095107363500224
-0.12347066019240449
-0.13254666355418193
-0.14097506766841567
-0.1487143003380554
-0.15582178446754705
-0.16234688563574945
-0.16833516020618083
-0.17382851577077568
-0.17886550318388406
-0.18348158467553666
-0.18747715664450834
-0.18936168750310414
-0.19118765837192134
-0.19288805261334271
-0.19447240923234152
-0.1959470791153469
-0.19731814982804916
-0.19859136070254108
-0.19977212638827388
-0.20086555525850797
-0.2018764668889844
-0.20280940851890705
-0.20366867055859886
-0.20445830119953334
-0.20518212017939666
-0.20584373175212764
-0.20644653690989903
-0.20699374490131497
-0.20748838408753156
-0.2079333121754889
-0.20833122586511876
-0.2086846699451148
-0.20899604586983922
-0.20859151051162717
-0.2080459904331968
-0.2075204424877911
-0.20700796582237993
-0.20650803051685696
-0.20601990154127112
-0.20554288601005988
-0.20507632240468757
-0.20461957962840385
-0.20417205573647917
-0.20373317672646882
-0.20330239537254557
-0.20287919010319092
-0.20246306392096602
-0.20205354336308093
-0.20165017750155587
-0.20125253698172987
-0.20086021309792654
-0.2004728169050892
-0.2000899783652146
-0.19971134552743983
-0.19933658374068006
-0.198965374897705
-0.198597416709572
-0.19823242200938407
-0.19787011808434254
-0.1975102460350904
-0.19715256016136903
-0.19679682737305376
-0.19644282662562457
-0.19602082975727791
-0.1951097943608892
-0.19424905728348732
-0.19341559411643564
-0.19260897367814847
-0.19182791158790408
-0.19107121014294073
-0.1903377186571335
-0.18962633327853512
-0.18893599526152957
-0.18826568934855722
-0.18761444219446852
-0.18698132083579586
-0.18636543120457225
-0.18576591668621023
-0.18518195672094306
-0.18461276544821914
-0.18405759039342343
-0.18351571119625942
-0.182986438379977
-0.18246911216080086
-0.18196310129661877
-0.18146780197422974
-0.18098263673418846
-0.18050705343248258
-0.18004052423807135
-0.1795825446654773
-0.1791326326414784
-0.17869032760503142
-0.17825518963951634
-0.1778267986364332
-0.17740475348959497
-0.17698867131903048
-0.17657818672362344
-0.17584788812968477
-0.17504531160056983
-0.17427143195130487
-0.1735208157175843
-0.17279261619253633
-0.17208583184891635
-0.1713995078259968
-0.17073272594267347
-0.17008460380976595
-0.16945429358547212
-0.16884098078000942
-0.1682438830918678
-0.1676622492762732
-0.16709535804551626
-0.1665425170008684
-0.16600306159572903
-0.1654763541295877
-0.16496178277234974
-0.16445876061857156
-0.1639667247710623
-0.16348513545335705
-0.16301347515044706
-0.1625512477772688
-0.16209797787427754
-0.16165320982958695
-0.16121650712697005
-0.16078745161921276
-0.1603656428260648
-0.15995069725631494
-0.15954224775319498
-0.15913994286265465
-0.1587434462237371
-0.15835243598055068
-0.1579666042151455
-0.15758565640071823
-0.15691558643552098
-0.1562336400295531
-0.15557228998643347
-0.1549292168631798
-0.1543037040260953
-0.15369499326385633
-0.15310235811903372
-0.15252509956294344
-0.1519625452142923
-0.15141404842344797
-0.15087898738893338
-0.1503567642984156
-0.14984680449414403
-0.14934855566260394
-0.14886148704801294
-0.14838508868926822
-0.14791887068000045
-0.1474623624513025
-0.14701511207670215
-0.14657668559892428
-0.14614666637803306
-0.14572465446047245
-0.14531026596848234
-0.14490313250951692
-0.144502900605096
-0.14410923113866367
-0.14372179882193306
-0.14334029167926593
-0.14296441054958753
-0.1425938686053875
-0.14222839088828348
-0.14186771386072877
-0.1415115849733815
-0.14115976224766388
-0.14081201387307646
-0.14046811781883578
-0.14006431248190424
-0.13947097186863489
-0.1389023850006536
-0.13834776354001366
-0.13780698811965086
-0.13727945754679297
-0.13676461605164741
-0.1362619275296891
-0.13577087602462323
-0.13529096498671084
-0.13482171660998554
-0.1343626711860944
-0.1339133864773851
-0.13347343710879658
-0.13304241397817207
-0.13261992368469722
-0.13220558797500367
-0.13179904320667782
-0.13139993982868528
-0.1310079418784034
-0.13062272649482223
-0.13024398344754964
-0.12987141468122004
-0.12950473387492262
-0.12914366601622995
-0.12878794698947607
-0.12843732317787732
-0.12809155107910183
-0.1277503969339449
-0.12741363636770692
-0.12708105404388334
-0.1267524433298927
-0.12642760597438196
-0.1261063517957954
-0.12578849838190814
-0.1254738707999083
-0.12516230131676923
-0.12485362912952518
-0.12454770010518783
-0.12419012643977419
-0.12369334289041038
-0.12321517872632914
-0.12274740422438786
-0.12228996474806017
-0.12184242056294903
-0.12140436716614478
-0.12097541404865524
-0.12055518520510174
-0.12014331858834636
-0.11973946563193202
-0.11934329078461797
-0.11895447105943728
-0.11857269559686323
-0.11819766524166873
-0.11782909213326154
-0.11746669930908833
-0.11711022032084843
-0.11675939886310528
-0.11641398841407494
-0.1160737518881682
-0.11573846130004654
-0.1154078974398398
-0.11508184955919279
-0.11476011506788762
-0.11444249924069935
-0.11412881493417137
-0.11381888231308288
-0.1135125285862178
-0.11320958775127293
-0.11290990034850865
-0.11261331322298955
-0.11231967929500537
-0.11202885733857607
-0.1117407117676464
-0.11145511242981003
-0.11117193440728737
-0.11089105782491893
-0.11061236766494899
-0.11033575358840823
-0.11006110976280159
-0.10978833469597492
-0.10950670434759072
-0.10908865341589315
-0.10868605456758156
-0.10829090660319873
-0.10790328984498695
-0.10752288820937318
-0.10714941695344027
-0.10678260067820666
-0.1064221740682093
-0.10606788149338121
-0.10571947667983986
-0.10537672238818604
-0.10503939010230419
-0.10470725972806014
-0.1043801193017788
-0.10405776470814393
-0.10373999940731826
-0.10342663417101282
-0.10311748682722802
-0.10281238201345536
-0.10251115093808709
-0.10221363114974637
-0.10191966631439311
-0.10162910599988798
-0.1013418054678385
-0.10105762547247422
-0.10077643206637872
-0.1004980964128169
-0.10022249460446157
-0.09994950748836634
-0.09967902049692096
-0.09941092348462631
-0.09914511057052013
-0.09888147998603623
-0.0986199339281451
-0.09836037841760276
-0.09810272316209824
-0.09784688142422654
-0.09759276989402091
-0.09734030856600098
-0.09708942062043668
-0.096840032308903
-0.09659207284373848
-0.09634547429147541
-0.09610017146995621
-0.09585610184916431
-0.09561320545545186
-0.09533801122230513
-0.09499390296690055
-0.09465915268132383
-0.09432953360347449
-0.09400505148440239
-0.0936855027593118
-0.09337070180295942
-0.09306046904495568
-0.09275463134327991
-0.09245302173738448
-0.0921554792402859
-0.09186184863590097
-0.09157198028295044
-0.0912857299253036
-0.09100295850844971
-0.09072353200204115
-0.09044732122825096
-0.090174201695773
-0.08990405343932162
-0.08963676086447546
-0.08937221259762841
-0.08911030134098172
-0.08885092373236415
-0.08859398020974056
-0.0883393748802656
-0.08808701539375094
-0.08783681282035652
-0.08758868153247397
-0.08734253909049057
-0.08709830613255778
-0.0877286647503204
-0.08741696594077927
-0.08715609567362875
-0.08775328287459176
-0.08742516801517558
-0.08714744074053013
-0.0877131204258831
-0.0873706529432075
-0.08707804398134993
-0.08761364907950372
-0.0872586987250974
-0.08777090149513603
-0.08740099822461332
-0.08708027893251265
-0.08756275915948437
-0.08718388354634007
-0.08764476585277016
-0.08725336350966041
-0.08769130515221679
-0.08728862048811675
-0.08692578939481244
-0.08723911908373361
-0.08750239180701398
-0.8900641031953178
-0.882400567410239
-0.0808802800774985
-0.8937427758563635
-0.8867059477006934
-0.879113796970741
-0.8712322060698479
-0.06832765727466338
-0.882567593931303
-0.8753400818091165
-0.8675926581503368
-0.8594819324471135
-0.05594110372922587
-0.8708881299953652
-0.8634606389098979
-0.8554648557704931
-0.8471131505375654
-0.04374335016581727
-0.8586738307998969
-0.8510364581707593
-0.8426920361972691
-0.8340866772752438
-0.03175894924739407
-0.8458920796249957
-0.8380132502956239
-0.8292330970786382
-0.820360511039943
-0.020014442118203767
-0.8325080249438365
-0.8241007598353047
-0.8150439391988508
-0.8058895778306838
-0.00853854012413079
-0.8184843934510492
-0.8094259516207778
-0.8000771946162422
0.0020884668864436843
-0.8122648613739446
-0.8034680310367784
-0.7939177976796721
-0.7842606009282783
0.013076338352856248
-0.7970855503748204
-0.7874155783260277
-0.7775453802236775
0.023364362831224634
-0.7900918466673768
-0.7805325778200286
-0.7704413028178675
0.03350963486073451
-0.782764825767516
-0.7732510630914299
-0.7629301861585507
0.0435004711173517
-0.7750892087744884
-0.7655523261313807
-0.7549928422408295
0.05332447305345928
-0.767048910065343
-0.7574166117338388
-0.746609003264958
0.06296847240879778
-0.7586269828438713
-0.7488230393414302
-0.73775724131097
0.07241847246446767
-0.7498055605936415
-0.7397495185971538
-0.7284148816470997
0.08165958482607556
-0.7405657941742504
-0.7301726582069074
0.09095709719948729
-0.7357150625841251
-0.7245769456536504
0.09177053038883494
-0.7304910929258536
0.0926324115127056
-0.7356107667327214
-0.7241706970831885
0.09281554458631512
-0.7297727333428421
0.0932612114665071
-0.7347440261492358
0.09355491511587567
-0.7395680175139504
-0.7280378711058614
0.09296758862011836
-0.7331157397421099
0.09293649193374263
-0.7377981957741299
0.09278770079624017
-0.7424290781111448
0.09252994050024475
-0.7470150473491757
0.09239588827887776
-0.7515463254793378
-0.7396600522753742
0.09057215177204167
-0.7441867481371676
0.09001261675014606
-0.7486881027788732
0.08937649226411672
-0.7531691601013335
0.09161981126052927
-0.7574181353828227
0.08940650408527831
-0.761759022994493
0.0871419702012831
-0.7724894460927376
-0.7598425476571611
-0.7470327148544389
0.09235771667557632
-0.7509361073993701
0.09064886515304597
-0.7548908354385266
0.09663477743615619
-0.7583061612274211
0.09454553124365456
-0.7617953279688231
0.09240558504199302
-0.7653638854305335
0.09021375201340655
-0.7690175442781959
0.0879688600523243
-0.772762168004579
0.08566975749889306
-0.7833748961189854
-0.7693859904332407
0.09152080385104727
0.08014429197328038
-0.7908412242962204
-0.7767068496439101
-0.7623770348588286
0.0932851884908251
0.09042321413935557
-0.7761391876457115
0.09430866851225922
-0.7790047555233997
0.09077159489515776
-0.7820585114183412
0.0873771898143024
-0.7852924636227179
0.08412118502489481
-0.7958552373339397
-0.7806901404647857
0.08943917961418917
-0.7835580021295907
0.0856765936691267
-0.7941067449429194
-0.778529334113923
0.09076659686923474
0.08748141333182578
-0.7920976632535437
0.09110971565092484
-0.7945423597441905
0.08671786733516235
-0.8050490092832081
-0.7889043120423868
0.0914804159373598
-0.7910859480684147
0.08667713653496296
-0.8015717012705872
0.09241322947587192
-0.803556100209333
0.08731522423969902
-0.8058671172680052
0.08249963766386703
-0.8162916019134527
-0.7992489334395472
0.08670219488881213
-0.8096832634508048
0.09227916134545733
-0.811303941408061
0.08656074311985411
-0.8217061319685408
-0.8041304510788996
0.09047780997093212
-0.8056409325045881
0.0844884038048773
-0.8160134615066083
0.08988621891315815
-0.8174430131883001
0.0837109775890741
-0.8277798643142271
-0.8094021213613052
0.08713270274950603
-0.8197458550058153
0.09241258142796785
-0.8206417410293606
0.0854762208594503
-0.8309457682641253
-0.8119547885289112
0.08854810305329688
0.08374577552744562
-0.8353537999005057
-0.8161062691773792
0.09567717365633559
-0.8162393117859961
0.08766108768935046
0.08268059611092345
-0.8397664711579683
-0.819966852569552
0.09454864348478753
0.08868692156921193
-0.8312814212611982
0.09017511837837691
-0.8315361817781715
0.08200196011146846
-0.8417117289174733
0.08681194967292499
-0.8518871188144426
-0.8311513873355038
0.08884804277352713
0.08310540090753359
-0.8547521030213427
-0.8337102547311397
0.09476562161336444
-0.8329628175677463
0.08517235054907338
-0.843085142648283
0.0897618857749039
-0.84266031142542
0.08037124572657693
-0.8527264636377553
0.08484724079201195
-0.8627905815420199
-0.840573363225335
0.08597683908705425
-0.8506358844105188
0.0903724137175175
-0.849707268992072
0.08013231595802384
-0.8597082728326615
0.08440390561031667
-0.8697060560358433
0.0886641197975959
-0.8687379669000532
0.07818360742316001
-0.8786711427179504
0.0823146040454351
-0.8885993199482061
-0.8650166053885177
0.08258129319788801
-0.874941461450698
0.08661743834057299
-0.8848611480287621
-0.8607101114883672
0.08658142966023279
-0.8706243481463847
0.0905165958303035
-0.8686713574795936
0.0784358056620506
-0.8785118686625228
0.08222250255888322
-0.888346241811372
0.08599277212019762
-0.8981736472567562
-0.872900701811527
0.08525992162318533
-0.8827204235368987
0.08891662982576236
-0.8803714084184491
0.07596691900188414
-0.8901108719350317
0.07946167392782688
-0.8998424736290501
0.08293688837418473
-0.9095654218549354
-0.8830666392184737
0.08141913508584721
-0.8927789309760521
0.08476637169436425
-0.9024825557353624
0.0880923840515735
-0.8995814498170954
0.07400132207812672
-0.9091964962746633
0.07714785922182667
-0.918801280054895
-0.8909536678088735
0.07474046014866509
-0.9005438243339405
0.07774224441533918
-0.9101237391196102
0.08071937624782799
-0.9196926699831727
0.08367104393221705
-0.9292498831757797
-0.9004886148261846
0.08074690327373431
-0.9100295181151539
0.08354234265485307
-0.9195587510215308
0.08631043738003089
-0.9290755922689717
-0.8993995323848833
0.0828460189401133
-0.908896596743391
0.08544581944986832
-0.9183813279733506
0.08801628301187976
-0.9138716717490251
0.07088040718365637
-0.9232473153328177
0.07322537323125597
-0.9326090135326848
0.07553805748826715
-0.9419560811377008
0.07781763611964684
-0.9512878416088942
-0.9197539079849234
0.07307983002033099
-0.9290611748952784
0.07516488323241544
-0.9383531669362694
0.07721452130101146
-0.9476292142963509
0.0792279045314293
-0.9568886557567372
-0.9241612325988876
0.07374428403444469
-0.9333920197631144
0.07554560415145423
-0.9426062082147662
0.07730812390523696
-0.9518031404984957
0.07903097995358495
-0.9609821675006232
0.08071330818403229
-0.9701426486205138
-0.9360337846680662
0.0743456774229611
-0.945161716588919
0.07579467920531961
-0.954271060281151
0.07720028317070603
-0.9633611745139289
0.07856159034384107
-0.9724314260927349
0.07987769962790633
-0.9814811899740571
-0.9458575933112757
0.07251134052328223
-0.9548695973836262
0.07356943598474609
-0.9638609879302914
0.07457904179648817
-0.9728311336560609
0.07553920735278143
-0.9817794106927473
0.07644897797218
-0.9907052026553781
0.07730739475313682
-0.9996079006827551
-0.9622047647399266
0.06872326311090682
-0.9710639739082864
0.06929266632910508
-0.9798998232084846
0.06980682590046682
-0.9887116893366568
0.07026471210344731
-0.9974989554658369
0.0706652882009072
-1.0062610112248427
0.07100751016079225
-1.0149972526612652
-0.9756018892179483
0.06100963772984273
-0.9842865672706137
0.06102561136472301
-0.9929449565876008
0.06097855187731607
-1.0015764282400113
0.06086731647872837
-1.0101803582933988
0.06069075125030989
-1.018756127703457
0.06044769069981998
-1.0273031221953006
0.060136957293401835
-1.0358207321262105
0.05975736096271626
-1.0440304352712864
-1.0023739691210978
0.04784382998769402
-1.0108004389607557
0.047085593099446564
-1.0191960793915302
0.04625256053310241
-1.0275602432033928
0.04534339835175825
-1.0358922856697919
0.044356754645687876
-1.0441915643159378
0.04329125883259458
-1.052457438669428
0.04214552092802097
-1.0606892699934176
0.04091813078510903
-1.0686617127938456
0.03960765730316638
-1.0763420980538334
0.03821264760452356
-1.0839985160452825
-1.0399264321040724
0.02359816602609961
-1.047976913723865
0.0217471442072702
-1.0559899533422232
0.0198035952988413
-1.0639648458295676
0.017765849838022978
-1.0719008840086575
0.015632208837776017
-1.079797358235628
0.01340094271822608
-1.0876535559608065
0.011070290203933918
-1.0954687612698217
0.008638457186474938
-1.1032422544042646
0.0061036155520164444
-1.1108139866789823
0.003463901974875085
-1.1181588408041727
0.0007174166760958059
-1.1254725436428181
-0.0021377778522180158
-1.1327544089560746
-0.005103658156445284
-1.140003744412193
-0.00818224116409082
-1.1472198512570344
-1.0987624839573829
-0.027327217439285876
-1.106168454863465
-0.030998588340874152
-1.1135254277334476
-0.03479461552193005
-1.1208325253239109
-0.038717659710468505
-1.1280888587433202
-0.04277013222363643
-1.1352935267078763
-0.046954496413867446
-1.142445614773041
-0.05127326912318183
-1.1495441945404297
-0.05572902214202548
-1.1565883228398628
-0.060324383667106164
-1.1635770408865451
-0.03229504803085681
-1.1705093734128584
-0.03847107672907822
-1.1773843277748473
-0.04471326037452419
-1.1842008930330352
-0.05102242238330124
-1.1909580390075667
-0.05739940050741081
-1.1976547153074804
-0.0638450470616622
-1.204289850333946
-0.07036022914959955
-1.2108623502575298
-0.0769458288881742
-1.2173710979693397
-0.08360274363063026
-1.223814952006283
-0.09033188618696306
-0.12978761856041166
-0.10025464189474713
-0.09595698951703287
-0.08543197709431329
-1.2014757266277665
-1.1446503702054323
-0.013467986319824304
-1.1513189403651973
-0.01976783498920206
-1.1579210421806947
-0.026140374793336446
-1.164455358841988
-0.03258660694165787
-1.1709205434180836
-0.03910755253332037
-1.177315217583895
-0.045704252956710816
-1.183637970318733
-0.052377770291911326
-1.1898873565770653
-0.05912918771546063
-1.1960618959323759
-0.06595960990729943
-1.2021600711950262
-0.07287016345881682
-1.2081803270056435
-0.07986199728156958
-1.21412106840523
-0.08693628301577082
-0.13557550864204326
-0.09806427617289573
-0.0960063812955119
-1.178354310303147
-0.040792114475407794
-1.1845280792507777
-0.04763001956191289
-1.1906218679922531
-0.05455172672189529
-1.19663395647529
-0.06155850642839996
-1.2025625790245817
-0.06865165631059494
-0.11986319258696067
-0.0831113073362849
-1.218663513994879
-1.1523663693828115
-0.006429839225874429
-1.1585902388736864
-0.013146497738703328
-0.06597632955377972
-1.1853350771361804
-1.1173945741142448
0.04048688014553361
-1.1238565155380347
0.03410982007860732
-1.1302370685794267
0.02764793111730603
-0.029016318514442772
-1.1619659174777082
-1.0916040364142614
0.005819379057272739
-1.0981814049070386
-0.0037572244871223845
0.014543319404161285
-1.1594517395094086
-1.087590028569517
0.015312353169669212
0.0338166571236737
-1.152496154839897
-1.0798375130629587
0.03119367971281491
-1.0864476123264204
0.0210324578086274
0.039995997027949724
-1.1535859900535534
-1.079289531314267
0.03566155604754055
0.05485501281073688
-1.1495738616151472
-1.0744026807637428
0.047634123323338017
0.06706877389260081
-1.1474555088795364
-1.0714067892243115
0.05731655986090661
0.07700595266444049
-1.1469034689605893
-1.0699647207929397
0.06502738487580191
0.08498709278173809
-1.1476292122565948
-1.069778643873742
0.07104296172140584
0.09129041484920312
-1.1066222674800787
0.04052307338616339
-1.1130172117394819
0.02828347374103238
0.04910162655404659
-1.185043826468634
-1.1058468322420911
0.04013865552943904
0.06128621652742589
-1.1812011108931786
0.0833879715699172
-1.1882344819497392
0.07150328765633919
-1.1952001842708877
0.05927157430782057
-1.2020962388765868
0.04668297071924502
-1.2089206127312533
0.03372739264871921
-1.215671217046561
0.020394545175858883
-1.2223459055760113
0.00667393878278465
-1.228942472906899
-0.007445090818203207
-1.2354586527565528
-0.021973358652543122
-1.2414109355093932
-0.036921801759093265
-1.2471584239527385
-0.05230144525432305
-1.2527883909355932
0.006517779847992402
-1.2582973417560377
-0.0012823854498526309
-1.2636816627573397
-0.009208615952421634
-1.2689376178955836
-0.017263758273997412
-1.2740613453905913
-0.025450753465328414
-0.10282580369678634
-0.04123814429882135
-1.3011318611491265
-1.2143745269473938
0.05863786405881832
-0.029409781740588985
-1.2357128677573437
0.07398021412404408
-1.2426211139079926
0.058248411880911
-1.2494459859523572
0.042030750054025005
-1.2561848263340736
0.02531253830049812
-1.262834898168268
0.008078938099574304
-1.269393383116644
-0.00968497348084023
-1.275857379312006
-0.027994128579211183
-1.281956801519371
-0.04686338073072192
-1.2874149086496693
0.016607630298563634
-1.292732609885472
0.008275153239285717
-1.2979052349046585
-0.0002078403855226717
-1.3029279473975528
-0.008845332144870077
-0.0979564305709932
-1.25671728409695
0.058585348410373494
-0.03434903534549539
-1.273713691994361
-1.1766045334041986
0.03656286533027417
0.06684974189426632
-1.2705798606196286
0.0879366407776912
-1.2422603843674271
-0.02905414573997433
0.001492529095514515
-1.3193968496016049
0.04098446938512895
-1.3261626144272427
0.020471859293114035
-1.3328262705896077
-0.0007237314129448415
-1.339384325576825
-0.02262268628691938
-1.345833177241708
-0.045244943393692734
-1.352169111560354
0.00039874902658358695
-1.358388300583783
-0.008840968536345643
-1.3638753458324266
-0.018267666938151905
-1.3687896903421382
-0.02788710495838632
-1.373528190178689
-0.03770529443003051
-1.3780844116075315
-0.047728512541989114
-0.15346531653880052
-0.057062460339497564
-1.4005309459414628
-0.03743258002301001
-1.4067305819309288
-0.04752041599689857
-1.4128029123642587
-0.057823292612399185
-1.4187055399056112
-0.06834820708266
-1.4233683052584851
-0.0791024686849727
-1.4278392173071943
-0.09009371323822861
-0.1966493571613962
-0.08578761225499834
-0.16790981821034698
-0.060995667443648795
-1.417906977362611
-0.04564303334043929
-1.423733168746193
-0.056433753739901754
-1.4284551350743555
-0.06747374987347018
-1.4329768186970633
-0.07877196227338575
-1.437290385423903
-0.09033776319643336
-0.20629076780882977
-0.08496390511130134
-0.18347308122131467
-0.0657300740978992
-1.4302170454222982
-0.055750691637721034
-1.4347564844886416
-0.0673052525656257
-1.4390787647812566
-0.07914865699884079
-0.20672284560071824
-0.08571730336937615
-1.455073748524773
-0.0695915209916751
-1.4597744560317703
-0.08164500729513817
-1.4642578176181458
-0.09400999312574604
-0.22084666626171254
-0.08688551860198397
-0.20586508247696408
-0.07499309558481017
-1.4567494032245871
-0.07159934015740675
-1.4611122409880544
-0.08425735893420902
-0.22281918365612877
-0.09066509331238476
-0.1787527396567514
-0.03900912398490742
-1.4460975563687095
-0.05086202826783458
-0.19626929426405076
-0.05819698393426072
-1.482588266968599
-0.06927664252269382
-1.4874166562725781
-0.08241485217492002
-1.492010815121269
-0.09593647872437798
-0.24028066243727886
-0.08709812344782666
-0.24190486900124297
-0.09219708397401853
-0.2118355074327471
-0.04901836158112331
-0.2153337944389864
-0.056412461682126644
-0.21854764792840323
-0.0632724588663159
-1.4884529066265795
-0.07672464180443574
-0.23776178918777785
-0.08343477761712628
-1.5149492986390396
-0.0962059730871185
-0.2548101148117523
-0.0867745357703199
-0.2597614724247907
-0.0940061529939965
-0.24772255444010932
-0.06422892229239757
-0.2531977993491554
-0.07214286513947485
-0.25914433816171395
-0.08016835791944221
-0.2656804154532434
-0.08844537975346872
-0.2735805149511956
-0.07901969726750141
-0.2821826950173011
-0.08884577548976441
-0.293175323481781
-0.07600683696643001
-0.3053181195716661
-0.08861109264958737
-0.3212912388383331
-0.07139494753170411
-0.33994966290192574
-0.08877640723356489
-0.36521353052294936
-0.06464832935382445
-0.3940317365340159
-0.08569700891784696
-0.4241604366640798
-0.10816307991326968
-0.46018029860053244
-0.030208385192702365
-0.497529196681881
-0.053226059179741825
-0.5368071332807425
-0.07861229573100142
-0.5777535200746083
-0.10681305572665097
-0.6533446958583209
0.12335330681724674
-0.7766375441167681
1.1966249361252512
2.2987100771208224
2.5579789839831104
-3.0941759035920513
2.5031511294557323
-2.9387351846865046
2.4076209220661573
-2.6521595171345935
2.2615176304862468
-2.266350677545938
2.192559063996348
-2.192337468606225
2.2159743115133668
-2.194322228918267
2.21667004279134
-2.1951106251223944
2.2173543447616564
-2.1958992232061125
2.218038777628108
-2.196688022437467
2.2187233407868314
-2.1974770219114657
2.219408033633241
-2.1982662207216586
2.220092855562039
-2.199055617960144
2.2207778059672134
-2.1998452127175754
2.221462884242043
-2.200635004083166
2.2221480897791
-2.2014249911446937
2.2228334219702526
-2.202215172988507
2.2235188802066688
-2.2030055486995317
2.2242044638788183
-2.2037961173612755
2.224890172376476
-2.204586878055833
2.2255760050887257
-2.205377829863893
2.2262619614039627
-2.2061689718647433
2.2269480407098943
-2.206960303136276
2.2276342423935476
-2.207751822754995
2.22832056584127
-2.2085435297960188
2.2290070104387296
-2.2093354233330893
2.2296935755709235
-2.210127502438576
2.230380260622177
-2.210919766183482
2.231067064976149
-2.2117122136374503
2.231753988015833
-2.2125048438687696
2.232441029123562
-2.21329765594438
2.233128187681009
-2.214090648929879
2.2338154630691953
-2.2148838218895275
2.234502854668487
-2.215677173886255
2.2351903618586024
-2.2164707039816687
2.235877984018615
-2.2172644112360547
2.2365657205269542
-2.218058294708388
2.2372535707614114
-2.218852353456337
2.237941534099141
-2.2196465865362702
2.2386296099166643
-2.2204409930032605
2.2393177975898726
-2.2212355719110946
2.2400060964940307
-2.222030322312276
2.24069450600378
-2.2228252432580344
2.2413830254931417
-2.2236203337983276
2.2420716543355184
-2.2244155929818525
2.2427603919037016
-2.225211019856048
2.243449237569869
-2.226006613467103
2.2441381907055935
-2.2268023728599613
2.2448272506818423
-2.22759829707833
2.2455164168689814
-2.228394385164684
2.2462056886367803
-2.2291906361602734
2.2468950653544137
-2.229987049105129
2.247584546390465
-2.2307836230380693
2.2482741311129293
-2.231580356996708
2.248963818889218
-2.232377250017459
2.249653609086161
-2.233174301135542
2.25034350107001
-2.2339715093849923
2.251033494206442
-2.2347688737986644
2.2517235878605635
-2.2355663934082393
2.2524137813969123
-2.2363640672442324
2.2531040741794617
-2.2371618943359977
2.253794465571624
-2.2379598737117368
2.2544849549362533
-2.2387580043985036
2.255175541635649
-2.2395562854222137
2.2558662250315606
-2.2403547158076473
2.256557004485188
-2.2411532945784587
2.2572478793571884
-2.2419520207571817
2.2579388490076764
-2.2427508933652383
2.25862991279623
-2.243549911422943
2.2593210700818935
-2.24434907394951
2.260012320223179
-2.2451483799630623
2.260703662578073
-2.245947828480636
2.261395096504036
-2.2467474185181873
2.26208662135801
-2.247547149090602
2.262778236496419
-2.248347019211699
2.2634699412751735
-2.249147027894239
2.264161735049675
-2.2499471741499324
2.264853617174816
-2.250747456989443
2.2655455870049885
-2.251547875422398
2.2662376438940837
-2.2523484284573954
2.2669297871954956
-2.2531491151020067
2.267622016262128
-2.25394993436279
2.2683143304463926
-2.254750885245291
2.2690067291002185
-2.2555519667540547
2.26969921157505
-2.256353177892631
2.270391777221855
-2.2571545176635808
2.271084425391124
-2.2579559850684836
2.2717771554328787
-2.2587575791079457
2.2724699666966703
-2.2595592987816064
2.2731628585315873
-2.2603611430881454
2.273855830286257
-2.2611631110252897
2.2745488813088484
