202.15800636267244	131.44368277533707
192.712467807908	79.00465838509317	
164.37585214361468	94.63865323435843	
125.61657324647791	115.8096879260718	
87.83441902742015	101.80423420693833	
47.77230722617793	118.08964550825633	
38.00106044538711	98.87286017270111	
46.46947432207247	199.51670201484623	
79.04029692470846	180.29991667929102	
127.89653082866238	202.12236782305712	
164.05014391758834	178.67137554915922	
6.733070746856583	166.6201711861839	
11.618694137251993	136.32930616573248	
29.858354794728115	136.6550143917588
-12.158006362672268	84.21599000151491
-2.3867595818814777	23.634259960612027	
26.601272534464528	1.8118088168459394	
36.37251931525532	15.491554309953045	
34.743978185123524	60.113581275564314	
95.00000000000006	16.468678988032124	
161.44447810937748	1.486100590819575	
146.4618997121649	-6.0051886077866925	
202.15800636267244	27.217050446901993	
